1 -0.0843164 -0.048104
2 -0.0425838 0.0244075
3 -0.0574838 -0.0244533
4 -0.108094 -0.0785998
5 0.0307071 0.133545
6 0.0415355 0.0216636
7 0.0281361 0.00193039
8 -0.0940915 -0.138817
9 -0.154901 -0.101954
10 -0.160643 -0.0542912
11 -0.0608523 0.0705574
12 -0.0550071 -0.0123001
13 -0.0708436 -0.0366427
14 -0.144865 -0.0782243
15 -0.180788 -0.0882218
16 -0.0439345 0.108285
17 0.030897 0.0749489
18 0.0368871 0.0148291
19 0.0769608 0.0576112
20 0.120091 0.0734328
21 0.150767 0.057955
22 0.175348 0.0738409
23 0.20464 0.0870924
24 0.187093 0.03988
25 0.141024 0.000544466
26 0.0950532 -0.0130537
27 0.0636845 -0.00925251
28 0.0384692 -0.0112368
29 0.04099 0.0145271
30 0.111966 0.0975532
31 0.138929 0.066182
32 0.107464 0.0185535
33 0.13542 0.0664099
34 0.184792 0.100698
35 0.127028 -0.0129131
36 0.140375 0.055245
37 0.0432195 -0.0733066
38 0.0170163 -0.0172917
39 0.00435951 -0.00889201
40 -0.0325436 -0.0418204
41 -0.0796129 -0.0651785
42 -0.143095 -0.0991517
43 -0.173132 -0.0782537
44 -0.187874 -0.069116
45 -0.180327 -0.0469915
46 -0.184705 -0.0574727
47 -0.168433 -0.0361622
48 -0.131693 -0.00686367
49 -0.101823 -0.00419747
50 -0.0713115 0.00545521
51 -0.0411615 0.0141293
52 -0.0137795 0.0198376
53 0.00785139 0.0211594
54 0.0218823 0.0185527
55 0.0347521 0.021407
56 0.0389915 0.0149542
57 0.0401359 0.0125564
58 0.0553511 0.0298454
59 0.00609112 -0.0429535
60 0.0164095 0.0137806
61 0.05137 0.0465032
62 0.0919659 0.063855
63 0.116605 0.0570137
64 0.106887 0.0232951
65 0.151438 0.0856677
66 0.119658 0.00756921
67 0.0444664 -0.0540111
68 -0.0334723 -0.0799015
69 -0.110577 -0.102404
