1 0.0755029 0.0127225 0
2 2.9997 0 0.718355
3 0.0263566 0.0527436 0
4 0.447314 0 0.107798
5 1.73874 0 0.401076
6 1.85559 0 0.377649
7 1.07432 0 0.201309
8 1.67677 0 0.361691
9 1.5864 0 0.316063
10 1.36573 0 0.266853
11 1.67388 0 0.349803
12 1.51188 0 0.298748
13 1.43348 0 0.286556
14 1.67699 0 0.3436
15 1.49072 0 0.294174
16 1.43421 0 0.288204
17 1.696 0 0.353466
18 1.40565 0 0.27345
19 1.55466 0 0.320982
20 1.59463 0 0.324774
21 1.45248 0 0.292192
22 1.52749 0 0.313191
23 1.6006 0 0.327897
24 1.44531 0 0.287848
25 1.56133 0 0.322059
26 1.50203 0 0.303336
27 1.47247 0 0.298761
28 1.51433 0 0.310143
29 1.55156 0 0.317558
30 1.46867 0 0.296322
31 1.54717 0 0.318633
32 1.4946 0 0.304226
33 1.53296 0 0.314636
34 1.44466 0 0.292056
35 1.5673 0 0.325177
36 1.40515 0 0.281497
37 1.54024 0 0.320557
38 1.51824 0 0.310026
39 1.45668 0 0.296277
40 1.4875 0 0.306284
41 1.49811 0 0.307749
42 1.53894 0 0.317277
43 1.40581 0 0.283833
44 1.48924 0 0.309331
45 1.55355 0 0.321584
46 1.38249 0 0.281654
47 1.52739 0 0.320005
48 1.55199 0 0.320267
49 1.37007 0 0.275759
50 1.52996 0 0.321564
51 1.5434 0 0.318547
52 1.41708 0 0.287835
53 1.501 0 0.313178
54 1.45373 0 0.298622
55 1.56959 0 0.328476
56 1.35621 0 0.272768
57 1.48153 0 0.311526
58 1.51001 0 0.313499
59 1.45847 0 0.300138
60 1.45397 0 0.301264
61 1.53448 0 0.320919
62 1.42491 0 0.291546
63 1.40969 0 0.292416
64 1.59987 0 0.338828
65 1.45224 0 0.295935
66 1.44608 0 0.300507
67 1.50024 0 0.3139
68 1.44812 0 0.29937
69 1.47739 0 0.308628
